1 - pasture:{Nodes:[1, 2, 3, 4, 5, 6], Tiles:[2, 3, 4, 5, 6, 7]}
2 - pasture:{Nodes:[5, 6, 7, 22, 23, 24], Tiles:[1, 3, 7, 8, 9, 19]}
3 - mountain:{Nodes:[4, 5, 19, 20, 21, 22], Tiles:[1, 2, 4, 9, 10, 11]}
4 - pasture:{Nodes:[3, 4, 16, 17, 18, 19], Tiles:[1, 3, 5, 11, 12, 13]}
5 - field:{Nodes:[2, 3, 13, 14, 15, 16], Tiles:[1, 4, 6, 13, 14, 15]}
6 - hill:{Nodes:[1, 2, 10, 11, 12, 13], Tiles:[1, 5, 7, 15, 16, 17]}
7 - forest:{Nodes:[1, 6, 7, 8, 9, 10], Tiles:[1, 2, 6, 17, 18, 19]}
8 - mountain:{Nodes:[23, 24, 25, 52, 53, 54], Tiles:[2, 9, 19]}
9 - forest:{Nodes:[21, 22, 23, 50, 51, 52], Tiles:[2, 3, 8, 10]}
10 - forest:{Nodes:[20, 21, 47, 48, 49, 50], Tiles:[3, 9, 11]}
11 - hill:{Nodes:[18, 19, 20, 45, 46, 47], Tiles:[3, 4, 10, 12]}
12 - pasture:{Nodes:[17, 18, 42, 43, 44, 45], Tiles:[4, 11, 13]}
13 - desert:{Nodes:[15, 16, 17, 40, 41, 42], Tiles:[4, 5, 12, 14]}
14 - hill:{Nodes:[14, 15, 37, 38, 39, 40], Tiles:[5, 13, 15]}
15 - mountain:{Nodes:[12, 13, 14, 35, 36, 37], Tiles:[5, 6, 14, 16]}
16 - field:{Nodes:[11, 12, 32, 33, 34, 35], Tiles:[6, 15, 17]}
17 - forest:{Nodes:[9, 10, 11, 30, 31, 32], Tiles:[6, 7, 16, 18]}
18 - field:{Nodes:[8, 9, 27, 28, 29, 30], Tiles:[7, 17, 19]}
19 - field:{Nodes:[7, 8, 24, 25, 26, 27], Tiles:[2, 7, 8, 18]}